Sample	Chromosome	Start	End	Num_Probes	Segment_Mean
DFCI.11.104.02	1	30503	2529741	249	0.03925
DFCI.11.104.02	1	2530231	9658685	342	-0.17435
DFCI.11.104.02	1	9661514	9793606	23	0.18935
DFCI.11.104.02	1	9794202	17395774	732	-0.15755
DFCI.11.104.02	1	17396713	19199453	95	-0.32125
DFCI.11.104.02	1	19201077	25573456	625	-0.12985
DFCI.11.104.02	1	25599188	25629952	6	-0.68485
DFCI.11.104.02	1	25633222	26301143	58	-0.14205
DFCI.11.104.02	1	26308970	26392933	20	-0.45775
DFCI.11.104.02	1	26393987	27623649	143	-0.09055
DFCI.11.104.02	1	27624604	27691405	31	0.14185
DFCI.11.104.02	1	27695970	29475740	145	-0.13615
DFCI.11.104.02	1	29476706	38040426	671	-0.21665
DFCI.11.104.02	1	38041302	39321581	87	-0.40925
DFCI.11.104.02	1	39322756	62905710	1563	-0.20315
DFCI.11.104.02	1	62907281	89427830	870	-0.11445
DFCI.11.104.02	1	89430663	89733211	63	0.10205
DFCI.11.104.02	1	89734541	104168370	539	-0.07075
DFCI.11.104.02	1	104199122	107979421	37	0.06185
DFCI.11.104.02	1	108116822	109302709	49	-0.23515
DFCI.11.104.02	1	109315443	109840881	132	-0.04735
DFCI.11.104.02	1	109849615	110141589	44	-0.20595
DFCI.11.104.02	1	110146168	110173030	21	0.21475
DFCI.11.104.02	1	110199049	119467442	648	-0.11985
DFCI.11.104.02	1	119576013	150485050	561	-0.05465
DFCI.11.104.02	1	150485290	150600070	20	0.28545
DFCI.11.104.02	1	150601948	154229912	556	-0.05755
DFCI.11.104.02	1	154231508	156027860	413	0.03405
DFCI.11.104.02	1	156028164	156206276	31	-0.15935
DFCI.11.104.02	1	156209394	156228956	12	0.31005
DFCI.11.104.02	1	156230419	167871294	1004	-0.05945
DFCI.11.104.02	1	167873231	174979217	369	0.04085
DFCI.11.104.02	1	174983989	177937116	106	-0.03415
DFCI.11.104.02	1	178252828	186283160	558	0.18445
DFCI.11.104.02	1	186283858	186648572	55	0.37865
DFCI.11.104.02	1	186823521	201970618	442	0.21405
DFCI.11.104.02	1	201970897	202104930	16	0.57435
DFCI.11.104.02	1	202107578	215956279	943	0.22795
DFCI.11.104.02	1	215960218	216592023	48	-0.11755
DFCI.11.104.02	1	216595680	227288942	407	0.01655
DFCI.11.104.02	1	227300125	249212564	949	-0.11685
DFCI.11.104.02	10	94056	5006085	119	-0.05885
DFCI.11.104.02	10	5008275	5810349	70	0.19425
DFCI.11.104.02	10	5827238	75006588	2230	-0.01055
DFCI.11.104.02	10	75010751	82330074	369	-0.14555
DFCI.11.104.02	10	82331336	82348535	2	-1.21795
DFCI.11.104.02	10	82369309	88635844	97	-0.21255
DFCI.11.104.02	10	88649983	91498855	173	-0.07305
DFCI.11.104.02	10	91503686	93011199	31	-0.29245
DFCI.11.104.02	10	93024279	94818114	130	-0.03245
DFCI.11.104.02	10	94822754	99116955	384	-0.16985
DFCI.11.104.02	10	99118378	99145016	14	0.16065
DFCI.11.104.02	10	99148138	103785007	432	-0.22485
DFCI.11.104.02	10	103789504	103870903	13	0.12035
DFCI.11.104.02	10	103871059	104142095	59	-0.17945
DFCI.11.104.02	10	104156093	104465248	64	0.06485
DFCI.11.104.02	10	104486556	105796392	135	-0.09435
DFCI.11.104.02	10	105797533	105926478	40	-0.33535
DFCI.11.104.02	10	105927497	112361938	129	-0.16345
DFCI.11.104.02	10	112362425	113920628	26	0.08825
DFCI.11.104.02	10	113923576	115355488	70	-0.20015
DFCI.11.104.02	10	115356945	115423643	33	-0.41075
DFCI.11.104.02	10	115457364	124358613	485	-0.15465
DFCI.11.104.02	10	124359609	124370763	10	0.40105
DFCI.11.104.02	10	124376776	125426593	54	-0.12975
DFCI.11.104.02	10	125447678	135352470	352	-0.26795
DFCI.11.104.02	10	135367834	135491085	15	0.05245
DFCI.11.104.02	11	193913	216720	12	0.08575
DFCI.11.104.02	11	219043	248857	9	-0.29735
DFCI.11.104.02	11	249059	284402	8	0.05925
DFCI.11.104.02	11	291115	294751	9	0.54085
DFCI.11.104.02	11	298715	640605	71	0.17165
DFCI.11.104.02	11	654053	884171	49	-0.01245
DFCI.11.104.02	11	902332	1774902	79	-0.26045
DFCI.11.104.02	11	1775133	3392935	103	-0.14355
DFCI.11.104.02	11	3660025	8013400	356	-0.28045
DFCI.11.104.02	11	8014573	17333669	490	-0.15565
DFCI.11.104.02	11	17409640	22387237	289	-0.28295
DFCI.11.104.02	11	22391736	55371851	931	-0.00025
DFCI.11.104.02	11	55406774	55419317	2	-0.99025
DFCI.11.104.02	11	55433574	57094365	55	-0.00395
DFCI.11.104.02	11	57094990	57185362	30	-0.20885
DFCI.11.104.02	11	57193145	61036492	289	-0.00685
DFCI.11.104.02	11	61040790	61079369	17	-0.30245
DFCI.11.104.02	11	61079558	61099165	13	-0.07605
DFCI.11.104.02	11	61105604	62407205	202	0.08025
DFCI.11.104.02	11	62417473	62483081	24	0.37695
DFCI.11.104.02	11	62484663	63987489	205	0.03175
DFCI.11.104.02	11	63987800	64129023	76	0.29625
DFCI.11.104.02	11	64129476	64360356	16	0.03725
DFCI.11.104.02	11	64361033	64507637	26	-0.22215
DFCI.11.104.02	11	64508553	64566953	35	0.05505
DFCI.11.104.02	11	64567866	64572290	4	0.50925
DFCI.11.104.02	11	64572672	64594872	9	0.16655
DFCI.11.104.02	11	64597544	64622960	16	0.56945
DFCI.11.104.02	11	64627810	64850873	57	0.12825
DFCI.11.104.02	11	64851024	64885127	21	0.46515
DFCI.11.104.02	11	64888280	65172541	61	0.16155
DFCI.11.104.02	11	65273937	65688908	121	0.36885
DFCI.11.104.02	11	65713293	65790534	22	0.14025
DFCI.11.104.02	11	65793852	65828204	13	-0.22505
DFCI.11.104.02	11	65830589	67018269	194	0.14415
DFCI.11.104.02	11	67021082	67267303	87	0.67425
DFCI.11.104.02	11	67267482	70208284	189	0.29475
DFCI.11.104.02	11	70208596	118047148	1708	0.15155
DFCI.11.104.02	11	118067538	118455361	93	0.29605
DFCI.11.104.02	11	118461223	118526402	19	0.03175
DFCI.11.104.02	11	118526604	118940054	64	0.38745
DFCI.11.104.02	11	118940287	118971120	21	0.15105
DFCI.11.104.02	11	118971555	118982341	9	0.42065
DFCI.11.104.02	11	118983321	122850167	268	0.16595
DFCI.11.104.02	11	122928629	122955423	13	0.46935
DFCI.11.104.02	11	122968662	126141554	225	0.13445
DFCI.11.104.02	11	126142976	126147586	7	-0.47675
DFCI.11.104.02	11	126163014	126201447	4	0.01155
DFCI.11.104.02	11	126208296	126283545	10	0.48865
DFCI.11.104.02	11	126283944	130131768	113	0.15075
DFCI.11.104.02	11	130276025	133799677	49	-0.10395
DFCI.11.104.02	11	133801029	134257555	80	0.23135
DFCI.11.104.02	12	176602	6973361	591	0.00135
DFCI.11.104.02	12	6974041	7016611	14	0.48485
DFCI.11.104.02	12	7019192	7053817	21	0.15805
DFCI.11.104.02	12	7060896	7078740	17	0.42915
DFCI.11.104.02	12	7079443	7175077	18	0.13455
DFCI.11.104.02	12	7177957	7362821	31	-0.21375
DFCI.11.104.02	12	7457128	8804289	119	-0.00575
DFCI.11.104.02	12	8808428	9225467	55	-0.14265
DFCI.11.104.02	12	9229532	39087642	1019	0.05535
DFCI.11.104.02	12	39096725	43945073	166	-0.12515
DFCI.11.104.02	12	44124507	48380961	184	0.03235
DFCI.11.104.02	12	48383590	48963025	53	-0.13865
DFCI.11.104.02	12	48963805	50195750	237	0.07775
DFCI.11.104.02	12	50196950	53241907	440	-0.03445
DFCI.11.104.02	12	53242716	54119028	213	0.10245
DFCI.11.104.02	12	54333428	54427362	15	-0.35755
DFCI.11.104.02	12	54428278	54858953	49	0.08805
DFCI.11.104.02	12	54893251	55028627	47	-0.20745
DFCI.11.104.02	12	55039048	56031619	21	0.08175
DFCI.11.104.02	12	56076038	56086761	7	-0.69335
DFCI.11.104.02	12	56087103	56092703	11	0.11735
DFCI.11.104.02	12	56094177	56121125	16	-0.34035
DFCI.11.104.02	12	56137547	57638750	520	0.06445
DFCI.11.104.02	12	57638996	57662242	10	-0.44305
DFCI.11.104.02	12	57662867	123307968	2977	0.01275
DFCI.11.104.02	12	123332643	123648639	49	0.24925
DFCI.11.104.02	12	123650026	133779461	509	-0.02015
DFCI.11.104.02	13	19748301	73402054	1361	-0.04715
DFCI.11.104.02	13	73409508	77640225	79	0.12525
DFCI.11.104.02	13	77642001	111298439	642	-0.04405
DFCI.11.104.02	13	111303449	113470527	54	-0.24235
DFCI.11.104.02	13	113473723	114766410	142	-0.07195
DFCI.11.104.02	13	114774942	115030717	23	0.25165
DFCI.11.104.02	13	115037920	115091758	7	-0.05555
DFCI.11.104.02	14	19378576	19559166	4	-0.47965
DFCI.11.104.02	14	19563543	20779913	30	-0.00255
DFCI.11.104.02	14	20781962	20846397	29	-0.22345
DFCI.11.104.02	14	20846696	20869742	26	0.04385
DFCI.11.104.02	14	20871609	21556259	85	-0.24065
DFCI.11.104.02	14	21557032	23530395	271	-0.04775
DFCI.11.104.02	14	23530833	23858722	63	-0.16575
DFCI.11.104.02	14	23858930	23902943	57	-0.31355
DFCI.11.104.02	14	23938938	23945363	7	0.11785
DFCI.11.104.02	14	23945618	24033067	10	-0.19945
DFCI.11.104.02	14	24033599	24036525	6	0.26285
DFCI.11.104.02	14	24040671	24518020	23	-0.17475
DFCI.11.104.02	14	24523349	24647880	110	0.00845
DFCI.11.104.02	14	24648124	24656787	18	0.39095
DFCI.11.104.02	14	24657004	60903767	1051	-0.03495
DFCI.11.104.02	14	60908851	63851291	85	-0.15355
DFCI.11.104.02	14	63860648	63863436	3	-1.03075
DFCI.11.104.02	14	63881952	94467667	1427	-0.11585
DFCI.11.104.02	14	94505429	105223099	621	0.02455
DFCI.11.104.02	14	105238791	106053668	72	0.21815
DFCI.11.104.02	14	106054211	107283096	104	-0.00165
DFCI.11.104.02	15	20170225	22849123	47	-0.06715
DFCI.11.104.02	15	22851111	22980180	29	0.14475
DFCI.11.104.02	15	22990202	25422060	65	-0.06505
DFCI.11.104.02	15	25423966	25496087	37	0.29665
DFCI.11.104.02	15	25585377	41046983	645	-0.01485
DFCI.11.104.02	15	41059549	41165942	29	0.29695
DFCI.11.104.02	15	41188279	42106939	139	-0.10135
DFCI.11.104.02	15	42107605	42169554	46	0.17065
DFCI.11.104.02	15	42170827	48525035	645	-0.06005
DFCI.11.104.02	15	48527201	65680926	1019	0.07415
DFCI.11.104.02	15	65681318	65759153	18	-0.22245
DFCI.11.104.02	15	65759563	66044966	41	0.18435
DFCI.11.104.02	15	66048788	66806423	58	-0.07795
DFCI.11.104.02	15	66807984	67501884	30	-0.33985
DFCI.11.104.02	15	67524237	81436163	835	-0.08525
DFCI.11.104.02	15	81440876	102500799	821	0.03875
DFCI.11.104.02	16	97559	311515	33	0.19615
DFCI.11.104.02	16	312226	449741	37	0.36485
DFCI.11.104.02	16	450344	569026	11	0.05685
DFCI.11.104.02	16	570601	816492	92	0.39915
DFCI.11.104.02	16	816812	1813009	130	0.15695
DFCI.11.104.02	16	1815181	1828615	20	0.61835
DFCI.11.104.02	16	1831486	1842404	6	0.37045
DFCI.11.104.02	16	1859385	2003045	18	-0.09435
DFCI.11.104.02	16	2011294	2024426	10	0.26965
DFCI.11.104.02	16	2024682	2112011	34	0.43405
DFCI.11.104.02	16	2114430	2120581	3	-0.06465
DFCI.11.104.02	16	2122366	2138142	15	0.51995
DFCI.11.104.02	16	2138328	2764339	134	0.20905
DFCI.11.104.02	16	2806609	4751137	214	0.13385
DFCI.11.104.02	16	4755256	15967486	459	0.03055
DFCI.11.104.02	16	15978064	16350017	54	-0.18175
DFCI.11.104.02	16	16355535	27782975	752	-0.00105000000000000
DFCI.11.104.02	16	27786407	29858708	238	0.12625
DFCI.11.104.02	16	29859312	29982868	26	-0.10785
DFCI.11.104.02	16	29989227	30005131	18	0.17525
DFCI.11.104.02	16	30006166	30393206	83	0.29145
DFCI.11.104.02	16	30393688	30721986	58	0.05545
DFCI.11.104.02	16	30723067	30983042	66	-0.11865
DFCI.11.104.02	16	30991517	31161358	61	0.12075
DFCI.11.104.02	16	31193745	67418994	1177	-0.23545
DFCI.11.104.02	16	67424267	67580368	36	0.04615
DFCI.11.104.02	16	67645518	67671777	10	-0.36535
DFCI.11.104.02	16	67679680	67985209	116	0.03045
DFCI.11.104.02	16	67985942	69968034	219	-0.25555
DFCI.11.104.02	16	69969891	69996972	15	0.12495
DFCI.11.104.02	16	69997516	71411652	202	-0.20215
DFCI.11.104.02	16	71416680	71418741	4	-0.90305
DFCI.11.104.02	16	71423770	74442943	133	-0.25365
DFCI.11.104.02	16	74443541	74446780	6	0.22865
DFCI.11.104.02	16	74447058	74686022	38	-0.23445
DFCI.11.104.02	16	74695349	88039873	473	-0.31605
DFCI.11.104.02	16	88052275	89212459	62	-0.06885
DFCI.11.104.02	16	89245984	89629452	27	-0.31915
DFCI.11.104.02	16	89653166	89720331	13	-0.16475
DFCI.11.104.02	16	89724831	89809348	29	0.06885
DFCI.11.104.02	16	89813098	90025565	43	-0.18275
DFCI.11.104.02	16	90027505	90102097	8	-0.61815
DFCI.11.104.02	16	90102996	90141882	12	-0.17625
DFCI.11.104.02	17	69529	2265095	233	-0.20735
DFCI.11.104.02	17	2265566	2298750	16	0.15915
DFCI.11.104.02	17	2310524	4435981	228	-0.25315
DFCI.11.104.02	17	4436426	4451946	12	0.08565
DFCI.11.104.02	17	4453650	4542269	23	-0.34605
DFCI.11.104.02	17	4542429	4648672	34	0.01195
DFCI.11.104.02	17	4675396	4721904	27	-0.19695
DFCI.11.104.02	17	4722120	4799637	13	0.07995
DFCI.11.104.02	17	4799883	4805791	6	0.38205
DFCI.11.104.02	17	4806060	4842509	8	0.11335
DFCI.11.104.02	17	4844290	5013165	72	-0.21305
DFCI.11.104.02	17	5033736	5048876	16	0.13685
DFCI.11.104.02	17	5049471	5434026	72	-0.19365
DFCI.11.104.02	17	5436306	6014257	14	-0.48765
DFCI.11.104.02	17	6021510	7111558	112	-0.20975
DFCI.11.104.02	17	7123850	7321120	131	0.02285
DFCI.11.104.02	17	7324008	7612896	123	-0.10435
DFCI.11.104.02	17	7630612	7681789	29	-0.36745
DFCI.11.104.02	17	7683604	7736853	48	-0.15945
DFCI.11.104.02	17	7749011	7792420	19	0.21705
DFCI.11.104.02	17	7794384	7948321	79	-0.15775
DFCI.11.104.02	17	7948704	8020300	27	0.00375
DFCI.11.104.02	17	8044660	8192734	76	0.33265
DFCI.11.104.02	17	8192908	10265591	163	0.01035
DFCI.11.104.02	17	10265820	10353968	45	0.15735
DFCI.11.104.02	17	10354214	10356647	6	0.62095
DFCI.11.104.02	17	10357204	10364373	12	0.26085
DFCI.11.104.02	17	10366287	10419961	42	0.02715
DFCI.11.104.02	17	10424751	10442881	26	0.23115
DFCI.11.104.02	17	10443385	16253345	269	-0.01525
DFCI.11.104.02	17	16285913	20768824	415	0.10005
DFCI.11.104.02	17	20796777	26087206	55	-0.01085
DFCI.11.104.02	17	26092744	26688276	36	-0.21635
DFCI.11.104.02	17	26691670	27068591	175	0.01555
DFCI.11.104.02	17	27069007	27234692	32	0.26525
DFCI.11.104.02	17	27237389	34493945	562	-0.01265
DFCI.11.104.02	17	34495060	34624887	31	0.26565
DFCI.11.104.02	17	34640187	36521294	196	-0.03355
DFCI.11.104.02	17	36522302	37342359	72	-0.18005
DFCI.11.104.02	17	37343184	37431355	19	-0.51005
DFCI.11.104.02	17	37439110	40975897	754	-0.21865
DFCI.11.104.02	17	40986596	40991399	8	-0.73775
DFCI.11.104.02	17	40998233	43171173	323	-0.20775
DFCI.11.104.02	17	43173655	43348588	41	0.15265
DFCI.11.104.02	17	43364411	48738477	537	-0.07375
DFCI.11.104.02	17	48741221	48751021	9	-0.48445
DFCI.11.104.02	17	48753453	49284362	58	-0.03885
DFCI.11.104.02	17	49340749	49350813	3	-1.10235
DFCI.11.104.02	17	49354667	54925428	71	-0.000549999999999998
DFCI.11.104.02	17	54926216	56382534	110	-0.15315
DFCI.11.104.02	17	56382821	56404153	19	0.17245
DFCI.11.104.02	17	56405283	57272218	110	-0.13325
DFCI.11.104.02	17	57272806	73231776	1057	-0.01685
DFCI.11.104.02	17	73234472	74278198	246	0.16125
DFCI.11.104.02	17	74283980	74681249	48	0.08085
DFCI.11.104.02	17	74714944	76089844	55	-0.08925
DFCI.11.104.02	17	76094618	76425381	43	0.14735
DFCI.11.104.02	17	76430301	76867090	59	-0.15665
DFCI.11.104.02	17	76870003	78820376	147	0.04255
DFCI.11.104.02	17	78829349	79994521	140	0.17795
DFCI.11.104.02	17	80006685	80085784	38	0.57455
DFCI.11.104.02	17	80121233	80391700	25	0.11715
DFCI.11.104.02	17	80393750	80404574	9	0.48095
DFCI.11.104.02	17	80422308	81052322	54	0.01175
DFCI.11.104.02	18	163455	12535602	378	0.08905
DFCI.11.104.02	18	12546800	43204781	686	-0.10835
DFCI.11.104.02	18	43207114	77960817	875	-0.25305
DFCI.11.104.02	19	72110	111598	2	0.17295
DFCI.11.104.02	19	281539	504967	22	-0.30875
DFCI.11.104.02	19	535925	1014474	66	0.17225
DFCI.11.104.02	19	1031193	1062314	35	0.00625
DFCI.11.104.02	19	1065426	1425961	43	0.28955
DFCI.11.104.02	19	1428996	1802644	32	-0.14515
DFCI.11.104.02	19	1807265	2254302	64	0.25475
DFCI.11.104.02	19	2279114	5684918	328	-0.11655
DFCI.11.104.02	19	5691466	5696384	8	0.45765
DFCI.11.104.02	19	5699218	6501636	113	-0.06245
DFCI.11.104.02	19	6531316	6678300	10	-0.52735
DFCI.11.104.02	19	6679509	6755328	53	-0.11805
DFCI.11.104.02	19	6759683	7592516	90	-0.29555
DFCI.11.104.02	19	7592848	7970740	88	-0.08385
DFCI.11.104.02	19	7976046	7997638	10	0.29805
DFCI.11.104.02	19	7997819	8138183	16	-0.13375
DFCI.11.104.02	19	8140076	8156476	12	-0.49565
DFCI.11.104.02	19	8160389	8176069	11	-0.16795
DFCI.11.104.02	19	8176656	8201195	13	-0.44405
DFCI.11.104.02	19	8201417	10202978	212	-0.10875
DFCI.11.104.02	19	10203457	10394998	56	0.09245
DFCI.11.104.02	19	10395335	10404996	13	0.50035
DFCI.11.104.02	19	10405318	10421618	5	-0.05785
DFCI.11.104.02	19	10428276	10446031	7	0.50885
DFCI.11.104.02	19	10449626	10789870	77	0.07685
DFCI.11.104.02	19	10791121	10800307	14	0.54535
DFCI.11.104.02	19	10812696	14237051	513	0.06215
DFCI.11.104.02	19	14262429	14741021	65	0.28885
DFCI.11.104.02	19	14749154	15342674	88	-0.12615
DFCI.11.104.02	19	15350335	15538346	31	0.13365
DFCI.11.104.02	19	15547942	16620801	122	-0.08295
DFCI.11.104.02	19	16630165	16631725	5	0.51905
DFCI.11.104.02	19	16634103	17436197	121	-0.02635
DFCI.11.104.02	19	17438691	17450410	12	0.44465
DFCI.11.104.02	19	17452133	17488099	7	-0.15805
DFCI.11.104.02	19	17514635	17531222	4	0.57985
DFCI.11.104.02	19	17533269	17692255	27	0.00025
DFCI.11.104.02	19	17720908	17785565	12	-0.34265
DFCI.11.104.02	19	17831848	18329310	92	-0.00905
DFCI.11.104.02	19	18329850	18507775	14	0.27595
DFCI.11.104.02	19	18538794	18547291	9	0.62665
DFCI.11.104.02	19	18555680	18876340	32	0.000550000000000002
DFCI.11.104.02	19	18885798	19021882	35	0.29955
DFCI.11.104.02	19	19030159	19313209	48	0.03855
DFCI.11.104.02	19	19313386	19381087	21	-0.29745
DFCI.11.104.02	19	19381936	19824962	70	0.16795
DFCI.11.104.02	19	19825298	30165588	95	0.00225
DFCI.11.104.02	19	30193886	35753597	257	-0.33215
DFCI.11.104.02	19	35757437	35758764	3	0.41825
DFCI.11.104.02	19	35761502	38845489	350	-0.31985
DFCI.11.104.02	19	38847185	39105087	107	-0.58915
DFCI.11.104.02	19	39108086	39123138	5	-0.35945
DFCI.11.104.02	19	39125760	39281532	24	0.06585
DFCI.11.104.02	19	39292552	40199955	181	-0.29425
DFCI.11.104.02	19	40222147	41356333	187	-0.40005
DFCI.11.104.02	19	41381781	41774252	56	-0.58405
DFCI.11.104.02	19	41778142	41944321	44	-0.37405
DFCI.11.104.02	19	42083911	42341421	27	-0.22795
DFCI.11.104.02	19	42342337	42353045	5	-0.65625
DFCI.11.104.02	19	42353326	42482480	33	-0.24585
DFCI.11.104.02	19	42482952	42492531	9	-0.70875
DFCI.11.104.02	19	42492716	42744296	28	-0.28135
DFCI.11.104.02	19	42753892	42799345	20	0.12475
DFCI.11.104.02	19	42801519	43586723	97	-0.32545
DFCI.11.104.02	19	43674292	43762610	13	0.22505
DFCI.11.104.02	19	43763289	47207908	389	-0.28945
DFCI.11.104.02	19	47219629	47234132	9	0.20025
DFCI.11.104.02	19	47236495	47909785	62	-0.23055
DFCI.11.104.02	19	47910825	47991648	14	-0.55645
DFCI.11.104.02	19	47995378	48537621	33	-0.23135
DFCI.11.104.02	19	48542576	48925204	67	-0.000549999999999998
DFCI.11.104.02	19	48945215	49348705	82	0.17875
DFCI.11.104.02	19	49348875	49964158	170	-0.01385
DFCI.11.104.02	19	49966014	49994229	15	0.34795
DFCI.11.104.02	19	49994358	50017392	9	0.67445
DFCI.11.104.02	19	50028035	50266506	61	0.04685
DFCI.11.104.02	19	50303023	50397728	42	0.26375
DFCI.11.104.02	19	50399312	50511085	15	0.07635
DFCI.11.104.02	19	50512644	50863121	24	-0.10745
DFCI.11.104.02	19	50864399	50918249	18	0.11455
DFCI.11.104.02	19	50926296	51274930	34	-0.21165
DFCI.11.104.02	19	51295061	51301707	7	0.34495
DFCI.11.104.02	19	51322607	51331073	7	-0.18385
DFCI.11.104.02	19	51359657	51410344	10	0.28305
DFCI.11.104.02	19	51411753	51534179	29	-0.25385
DFCI.11.104.02	19	51535393	51875091	37	0.02295
DFCI.11.104.02	19	51875330	51914627	7	-0.23925
DFCI.11.104.02	19	51917079	51920721	8	0.42915
DFCI.11.104.02	19	51920837	52150014	43	-0.04815
DFCI.11.104.02	19	52217357	52223153	4	-0.58015
DFCI.11.104.02	19	52250249	54327430	166	0.00515
DFCI.11.104.02	19	54377754	54618082	26	-0.26725
DFCI.11.104.02	19	54618651	54687565	33	-0.02255
DFCI.11.104.02	19	54692202	55146216	118	0.16385
DFCI.11.104.02	19	55146632	55753856	152	-0.12265
DFCI.11.104.02	19	55758471	56204403	53	0.12405
DFCI.11.104.02	19	56220412	58965191	234	-0.09115
DFCI.11.104.02	19	58965713	59082758	45	0.21325
DFCI.11.104.02	2	41629	18770736	455	-0.07585
DFCI.11.104.02	2	19552173	26435497	262	0.06755
DFCI.11.104.02	2	26437432	44152298	1044	-0.01345
DFCI.11.104.02	2	44153102	44429186	18	0.31715
DFCI.11.104.02	2	44436468	47301064	104	0.03445
DFCI.11.104.02	2	47357401	48032848	30	-0.14955
DFCI.11.104.02	2	48033499	65469197	485	0.12405
DFCI.11.104.02	2	65473875	113951527	1904	-0.03065
DFCI.11.104.02	2	113953349	130878088	377	-0.12705
DFCI.11.104.02	2	130897522	130918847	12	0.25975
DFCI.11.104.02	2	130925165	139429235	240	-0.09745
DFCI.11.104.02	2	140995867	141093409	10	-0.55115
DFCI.11.104.02	2	141108609	179392475	1364	-0.13485
DFCI.11.104.02	2	179393154	179418123	26	-0.32805
DFCI.11.104.02	2	179418534	179486095	79	-0.48125
DFCI.11.104.02	2	179486468	179517428	26	-0.24455
DFCI.11.104.02	2	179517596	179528629	15	-0.67845
DFCI.11.104.02	2	179528825	179590773	58	-0.21945
DFCI.11.104.02	2	179592098	179623901	26	-0.40145
DFCI.11.104.02	2	179629031	185803755	184	-0.15015
DFCI.11.104.02	2	186673862	186697955	4	-0.72835
DFCI.11.104.02	2	187366154	188243760	43	-0.16375
DFCI.11.104.02	2	188245308	189927646	51	0.11775
DFCI.11.104.02	2	189927791	220100819	1519	-0.09455
DFCI.11.104.02	2	220101169	220167561	41	0.06165
DFCI.11.104.02	2	220172281	233349803	566	-0.15345
DFCI.11.104.02	2	233391386	233431926	22	-0.46105
DFCI.11.104.02	2	233527661	241468928	331	-0.22355
DFCI.11.104.02	2	241492476	242078211	68	-0.05045
DFCI.11.104.02	2	242079472	242097966	5	-0.69385
DFCI.11.104.02	2	242098760	242431096	66	-0.16855
DFCI.11.104.02	2	242432453	242815428	36	0.06365
DFCI.11.104.02	20	68410	2644406	175	-0.30835
DFCI.11.104.02	20	2775079	3914850	200	-0.19185
DFCI.11.104.02	20	3944666	8628602	126	-0.31205
DFCI.11.104.02	20	8630098	23335103	384	-0.19335
DFCI.11.104.02	20	23346386	37384684	892	0.01785
DFCI.11.104.02	20	37394163	42199702	169	0.13805
DFCI.11.104.02	20	42205021	43882376	120	0.00255
DFCI.11.104.02	20	43922657	43945601	12	-0.36465
DFCI.11.104.02	20	43956057	44571885	105	0.01585
DFCI.11.104.02	20	44572064	44588074	17	0.39775
DFCI.11.104.02	20	44589009	62165059	800	0.04245
DFCI.11.104.02	20	62172354	62608761	80	0.31635
DFCI.11.104.02	20	62614570	62904955	46	0.04385
DFCI.11.104.02	21	10862667	19775941	107	-0.34505
DFCI.11.104.02	21	22656722	37445182	436	-0.11675
DFCI.11.104.02	21	37510232	43242395	275	0.07725
DFCI.11.104.02	21	43246412	43329634	17	-0.23305
DFCI.11.104.02	21	43334832	45534651	184	0.02845
DFCI.11.104.02	21	45535282	45742934	41	0.28935
DFCI.11.104.02	21	45744540	46226957	51	-0.05655
DFCI.11.104.02	21	46234021	47636440	84	0.14715
DFCI.11.104.02	21	47641891	48084241	92	-0.02745
DFCI.11.104.02	22	16282318	17602019	24	-0.21995
DFCI.11.104.02	22	17619249	19130409	92	-0.38305
DFCI.11.104.02	22	19163759	19171124	7	0.28035
DFCI.11.104.02	22	19175240	19198019	7	-0.60015
DFCI.11.104.02	22	19203766	19398303	28	-0.08225
DFCI.11.104.02	22	19422419	19511780	25	-0.32095
DFCI.11.104.02	22	19707223	25294526	461	-0.05525
DFCI.11.104.02	22	25301154	36013306	625	-0.16835
DFCI.11.104.02	22	36052524	36691765	39	-0.02455
DFCI.11.104.02	22	36693062	36700203	7	0.34725
DFCI.11.104.02	22	36701150	36722708	11	0.02775
DFCI.11.104.02	22	36737573	37962821	98	-0.18485
DFCI.11.104.02	22	37964829	38040714	17	0.23535
DFCI.11.104.02	22	38041519	40797681	274	-0.08755
DFCI.11.104.02	22	40800461	40816582	16	0.29185
DFCI.11.104.02	22	40817106	41744173	81	-0.05595
DFCI.11.104.02	22	41745307	42076370	50	0.10415
DFCI.11.104.02	22	42101558	42807744	65	-0.29505
DFCI.11.104.02	22	42897782	50599486	393	-0.08455
DFCI.11.104.02	22	50616833	50902872	88	0.13345
DFCI.11.104.02	22	50903169	50960040	22	0.43235
DFCI.11.104.02	22	50960279	50961000	5	0.04045
DFCI.11.104.02	22	50962842	51008837	8	0.42715
DFCI.11.104.02	22	51009474	51065482	25	0.05565
DFCI.11.104.02	22	51143524	51237572	14	-0.08335
DFCI.11.104.02	3	367749	9982892	326	0.27075
DFCI.11.104.02	3	9984582	10083396	22	0.51395
DFCI.11.104.02	3	10084349	12618242	143	0.25125
DFCI.11.104.02	3	12623453	13383625	57	0.47525
DFCI.11.104.02	3	13384805	33576953	519	0.32705
DFCI.11.104.02	3	33585031	33908019	23	0.46955
DFCI.11.104.02	3	35723374	35732499	3	-0.54905
DFCI.11.104.02	3	35748576	38061845	118	0.40765
DFCI.11.104.02	3	38081129	38127870	9	-0.00335
DFCI.11.104.02	3	38129881	41977434	297	0.40775
DFCI.11.104.02	3	41979691	42728264	44	0.27125
DFCI.11.104.02	3	42729796	42750633	13	-0.09735
DFCI.11.104.02	3	42751292	44929289	101	0.27215
DFCI.11.104.02	3	44932226	47446271	232	-0.14805
DFCI.11.104.02	3	47446573	48505282	157	-0.02605
DFCI.11.104.02	3	48505533	48509001	4	0.60385
DFCI.11.104.02	3	48510587	49020414	166	-0.05545
DFCI.11.104.02	3	49020705	49065757	34	0.20485
DFCI.11.104.02	3	49068079	49718064	146	-0.07765
DFCI.11.104.02	3	49718674	49898287	83	0.11545
DFCI.11.104.02	3	49898453	50220218	68	-0.12475
DFCI.11.104.02	3	50220690	50357922	38	0.15785
DFCI.11.104.02	3	50363910	52510617	266	-0.06075
DFCI.11.104.02	3	52511660	52558899	58	0.16615
DFCI.11.104.02	3	52561736	122334706	1852	-0.04885
DFCI.11.104.02	3	122336013	125831725	246	0.04735
DFCI.11.104.02	3	125833501	126272235	42	-0.11025
DFCI.11.104.02	3	126290890	129696061	236	0.44895
DFCI.11.104.02	3	130159669	137786544	360	0.16165
DFCI.11.104.02	3	137787211	137890557	18	-0.11415
DFCI.11.104.02	3	137892470	142254049	231	0.19865
DFCI.11.104.02	3	142255045	142257469	2	1.12135
DFCI.11.104.02	3	142259878	152881036	294	0.18235
DFCI.11.104.02	3	153202477	173997442	530	0.05735
DFCI.11.104.02	3	173999095	184018234	354	-0.02745
DFCI.11.104.02	3	184019448	184064590	48	-0.29435
DFCI.11.104.02	3	184064811	186460122	177	-0.06995
DFCI.11.104.02	3	186501430	186510738	19	0.39105
DFCI.11.104.02	3	186512568	189675795	68	-0.03515
DFCI.11.104.02	3	189681889	190967912	36	0.16615
DFCI.11.104.02	3	190993136	193333561	71	-0.15075
DFCI.11.104.02	3	193335076	193353313	5	0.43115
DFCI.11.104.02	3	193355072	194408829	56	-0.04345
DFCI.11.104.02	3	194790842	197765540	229	-0.19355
DFCI.11.104.02	4	53385	1244924	103	-0.06445
DFCI.11.104.02	4	1305951	46930774	1102	-0.14165
DFCI.11.104.02	4	46967248	46995443	7	-0.71605
DFCI.11.104.02	4	47033750	47514849	13	-0.16315
DFCI.11.104.02	4	47517689	56726709	324	-0.04135
DFCI.11.104.02	4	56734691	75312501	501	0.05955
DFCI.11.104.02	4	75314967	119059396	1362	-0.06785
DFCI.11.104.02	4	119064841	151161630	683	0.08135
DFCI.11.104.02	4	151169539	151199158	3	-0.86745
DFCI.11.104.02	4	151203800	151604871	16	0.24145
DFCI.11.104.02	4	151656520	169173809	431	0.05545
DFCI.11.104.02	4	169177022	184432107	261	0.15505
DFCI.11.104.02	4	184562623	186283867	100	-0.09375
DFCI.11.104.02	4	186284621	187159521	68	0.08445
DFCI.11.104.02	4	187171558	191013434	73	-0.15965
DFCI.11.104.02	5	143373	43677910	1229	0.09645
DFCI.11.104.02	5	43700341	111066745	1659	-0.06665
DFCI.11.104.02	5	111071206	121739562	221	-0.17115
DFCI.11.104.02	5	121759436	141382829	1089	-0.05935
DFCI.11.104.02	5	141385893	157166492	702	0.13355
DFCI.11.104.02	5	157178539	159661918	51	0.34225
DFCI.11.104.02	5	159665668	168150011	160	0.12905
DFCI.11.104.02	5	168175441	168201385	8	-0.36845
DFCI.11.104.02	5	168222585	176003188	272	0.10495
DFCI.11.104.02	5	176004801	176402483	62	-0.09255
DFCI.11.104.02	5	176409618	176477939	4	0.10695
DFCI.11.104.02	5	176489154	176523182	11	0.43925
DFCI.11.104.02	5	176523360	176722462	23	0.04095
DFCI.11.104.02	5	176728810	177174796	103	0.33345
DFCI.11.104.02	5	177175646	177642433	32	0.18435
DFCI.11.104.02	5	177649583	179016650	63	-0.10745
DFCI.11.104.02	5	179018744	180795228	165	0.06985
DFCI.11.104.02	6	304663	350870	4	0.25735
DFCI.11.104.02	6	395009	18572111	504	-0.21635
DFCI.11.104.02	6	20102645	24556959	81	-0.03975
DFCI.11.104.02	6	24563748	26043887	105	0.06725
DFCI.11.104.02	6	26046051	26410262	47	0.31445
DFCI.11.104.02	6	26411365	27115296	41	0.09135
DFCI.11.104.02	6	27215829	27425190	14	-0.15805
DFCI.11.104.02	6	27775686	28329250	47	0.11075
DFCI.11.104.02	6	28331164	28474208	6	-0.34695
DFCI.11.104.02	6	28478683	29574997	43	0.18735
DFCI.11.104.02	6	29576512	29913060	40	-0.11495
DFCI.11.104.02	6	30029448	30124833	21	0.10085
DFCI.11.104.02	6	30125170	30310038	24	-0.12255
DFCI.11.104.02	6	30314336	30866816	130	0.12505
DFCI.11.104.02	6	30867075	31117994	53	-0.10575
DFCI.11.104.02	6	31118639	31525628	39	0.08615
DFCI.11.104.02	6	31540620	31612977	50	0.27825
DFCI.11.104.02	6	31613383	31648143	25	-0.00675
DFCI.11.104.02	6	31655323	31737570	59	0.21785
DFCI.11.104.02	6	31744021	31750412	10	0.53815
DFCI.11.104.02	6	31752087	31938257	125	0.16465
DFCI.11.104.02	6	31938604	31992103	62	0.00925
DFCI.11.104.02	6	31992431	32017364	38	0.21525
DFCI.11.104.02	6	32018098	32427864	111	0.04675
DFCI.11.104.02	6	32487430	32498003	2	-1.23815
DFCI.11.104.02	6	32548633	33235100	133	0.00415
DFCI.11.104.02	6	33235518	33289704	51	0.38895
DFCI.11.104.02	6	33365945	33385474	26	0.02345
DFCI.11.104.02	6	33391377	33409538	9	-0.25575
DFCI.11.104.02	6	33410273	33653606	36	0.07595
DFCI.11.104.02	6	33654032	33662864	14	0.39975
DFCI.11.104.02	6	33663559	39880750	498	0.03585
DFCI.11.104.02	6	39881581	40998496	8	-0.45665
DFCI.11.104.02	6	40999489	55684647	941	0.02265
DFCI.11.104.02	6	55739665	57398317	95	0.20285
DFCI.11.104.02	6	57467206	74191969	180	-0.04385
DFCI.11.104.02	6	74192345	74229751	11	0.36845
DFCI.11.104.02	6	74304939	112522891	1162	-0.04865
DFCI.11.104.02	6	112528348	114281184	16	0.27405
DFCI.11.104.02	6	114379356	119501112	183	-0.11175
DFCI.11.104.02	6	119501594	125619964	86	0.11295
DFCI.11.104.02	6	125621807	160201121	1280	-0.05645
DFCI.11.104.02	6	160201413	161071531	133	-0.19635
DFCI.11.104.02	6	161085248	168363262	168	-0.07285
DFCI.11.104.02	6	168430359	170156537	57	-0.25025
DFCI.11.104.02	6	170156906	170892837	32	0.02355
DFCI.11.104.02	7	195732	2949801	142	0.14075
DFCI.11.104.02	7	2951932	4780656	49	-0.04715
DFCI.11.104.02	7	4794248	4901441	14	0.26275
DFCI.11.104.02	7	4917772	5521564	31	-0.01065
DFCI.11.104.02	7	5528927	5633401	8	0.42645
DFCI.11.104.02	7	5643046	7514302	174	-0.00935
DFCI.11.104.02	7	7529090	16714215	102	0.15765
DFCI.11.104.02	7	16734631	16817538	6	0.71525
DFCI.11.104.02	7	16823118	44733605	901	0.15585
DFCI.11.104.02	7	44734177	45957040	88	0.29995
DFCI.11.104.02	7	47319790	50468325	120	0.13345
DFCI.11.104.02	7	50514987	73108001	313	0.05405
DFCI.11.104.02	7	73117314	73246163	10	0.45945
DFCI.11.104.02	7	73249334	80276178	324	0.06505
DFCI.11.104.02	7	80286018	81714218	48	0.24555
DFCI.11.104.02	7	81746491	100017508	877	0.05745
DFCI.11.104.02	7	100029314	100175365	22	0.35625
DFCI.11.104.02	7	100176136	100253211	39	0.07365
DFCI.11.104.02	7	100274198	100282241	10	0.72205
DFCI.11.104.02	7	100283106	100285031	5	0.40155
DFCI.11.104.02	7	100285508	105915497	412	0.03055
DFCI.11.104.02	7	105917627	121612748	411	-0.05515
DFCI.11.104.02	7	121616324	128586090	268	-0.17875
DFCI.11.104.02	7	128587112	150771930	1117	-0.05775
DFCI.11.104.02	7	150772597	150814866	14	0.29205
DFCI.11.104.02	7	150815433	158935239	292	-0.06645
DFCI.11.104.02	8	117026	1844617	35	-0.18085
DFCI.11.104.02	8	1851619	2092907	36	-0.42165
DFCI.11.104.02	8	2807865	11689181	182	-0.17735
DFCI.11.104.02	8	11696120	11705663	6	0.39715
DFCI.11.104.02	8	11710965	35648083	884	-0.20835
DFCI.11.104.02	8	36642123	38162965	100	0.25885
DFCI.11.104.02	8	38172293	38178692	6	0.88525
DFCI.11.104.02	8	38184376	40438782	103	0.24945
DFCI.11.104.02	8	40532452	52733280	259	-0.01815
DFCI.11.104.02	8	52744129	74516100	511	0.18715
DFCI.11.104.02	8	74526193	79590916	55	0.26465
DFCI.11.104.02	8	79601610	124105984	1128	0.44875
DFCI.11.104.02	8	124109683	144406801	575	0.54355
DFCI.11.104.02	8	144407705	146033782	230	0.84455
DFCI.11.104.02	8	146054991	146279545	13	0.56045
DFCI.11.104.02	9	30281	677011	54	-0.04425
DFCI.11.104.02	9	713466	1057275	17	-0.32105
DFCI.11.104.02	9	2033083	14746466	317	-0.02685
DFCI.11.104.02	9	14747426	21859426	247	-0.15235
DFCI.11.104.02	9	21862015	33442211	181	0.01515
DFCI.11.104.02	9	33442970	33798082	22	0.43685
DFCI.11.104.02	9	33798622	34625813	87	0.01925
DFCI.11.104.02	9	34628013	34660935	20	-0.30375
DFCI.11.104.02	9	34661497	35664491	137	-0.03475
DFCI.11.104.02	9	35674361	35681024	8	-0.47815
DFCI.11.104.02	9	35682162	39074010	254	0.00355
DFCI.11.104.02	9	39085822	39086848	2	1.04305
DFCI.11.104.02	9	39088646	39239185	14	0.24025
DFCI.11.104.02	9	39355918	77427351	335	-0.05655
DFCI.11.104.02	9	77431687	77470483	9	-0.45975
DFCI.11.104.02	9	77502774	95027837	445	-0.02825
DFCI.11.104.02	9	95030584	107515347	593	0.06885
DFCI.11.104.02	9	107516983	108510473	74	-0.14575
DFCI.11.104.02	9	108536363	117399352	462	0.11355
DFCI.11.104.02	9	117401008	123538506	123	-0.01685
DFCI.11.104.02	9	123540825	124065345	100	0.07895
DFCI.11.104.02	9	124073125	124094883	8	-0.41365
DFCI.11.104.02	9	124103688	125627938	74	0.05775
DFCI.11.104.02	9	125639864	125898796	33	0.30245
DFCI.11.104.02	9	125901968	133589903	715	0.06445
DFCI.11.104.02	9	133729626	134340465	73	-0.11925
DFCI.11.104.02	9	134351922	136216557	171	0.09985
DFCI.11.104.02	9	136216909	137806268	176	-0.05355
DFCI.11.104.02	9	137808309	138830208	48	-0.25575
DFCI.11.104.02	9	138831607	139360588	69	-0.01875
DFCI.11.104.02	9	139362964	139878162	83	0.11695
DFCI.11.104.02	9	139887428	140001263	45	0.29545
DFCI.11.104.02	9	140001901	140007950	7	0.82395
DFCI.11.104.02	9	140034198	140138742	38	0.16655
DFCI.11.104.02	9	140139672	140166676	10	-0.24825
DFCI.11.104.02	9	140174415	140358910	25	0.18235
DFCI.11.104.02	9	140361927	141016451	66	-0.10045
DFCI.11.104.02	X	200983	322327	14	0.04955
DFCI.11.104.02	X	591911	2936713	82	-0.33545
DFCI.11.104.02	X	2945518	41201908	759	-0.11025
DFCI.11.104.02	X	41202091	47059015	63	0.13285
DFCI.11.104.02	X	47063097	48839854	114	-0.06115
DFCI.11.104.02	X	48840284	49021428	10	0.46375
DFCI.11.104.02	X	49029832	57936856	329	-0.06945
DFCI.11.104.02	X	62570700	68060499	57	0.29555
DFCI.11.104.02	X	68383083	112048322	849	-0.11935
DFCI.11.104.02	X	112053216	134715563	581	0.01305
DFCI.11.104.02	X	134852870	134967498	21	-0.41575
DFCI.11.104.02	X	134983852	135047344	18	0.32305
DFCI.11.104.02	X	135049654	140953393	141	-0.02595
DFCI.11.104.02	X	140969584	140983195	2	-1.49455
DFCI.11.104.02	X	140985620	151919889	160	0.09185
DFCI.11.104.02	X	151928202	152018969	8	-0.29105
DFCI.11.104.02	X	152027462	153558040	190	0.28545
DFCI.11.104.02	X	153577406	153763602	102	0.58425
DFCI.11.104.02	X	153774380	153944606	12	0.18215
DFCI.11.104.02	X	153993243	155240076	91	0.03195
DFCI.11.104.02	Y	3447845	16953144	8	-0.27665
